종목명,부도기사비율,1m_ratio,2m_ratio,3m_ratio,4m_ratio,5m_ratio,6m_ratio
CJ프레시웨이,32.142857142857146,35.714285714285715,64.28571428571429,0.0,0.0,0.0,0.0
CMG제약,9.375,0.0,87.5,12.5,0.0,0.0,0.0
ITX엠투엠,0.0,14.285714285714285,10.714285714285714,0.0,50.0,21.428571428571427,3.571428571428571
JW신약,0.0,4.444444444444445,71.11111111111111,0.0,24.444444444444443,0.0,0.0
TJ미디어,5.555555555555555,5.555555555555555,5.555555555555555,16.666666666666664,38.88888888888889,22.22222222222222,11.11111111111111
고려제약,4.285714285714286,0.0,8.571428571428571,8.571428571428571,1.4285714285714286,70.0,11.428571428571429
고영,8.0,100.0,0.0,0.0,0.0,0.0,0.0
광진윈텍,0.0,0.0,6.666666666666667,0.0,13.333333333333334,66.66666666666666,13.333333333333334
국일신동,0.0,0.0,12.903225806451612,0.0,0.0,51.61290322580645,35.483870967741936
국일제지,12.82051282051282,10.256410256410255,20.51282051282051,12.82051282051282,41.02564102564102,10.256410256410255,5.128205128205128
그랜드백화점,0.0,0.0,14.285714285714285,28.57142857142857,0.0,42.857142857142854,14.285714285714285
나노엔텍,30.434782608695656,4.3478260869565215,21.73913043478261,0.0,39.130434782608695,17.391304347826086,17.391304347826086
나라엠앤디,13.513513513513514,0.0,16.216216216216218,0.0,27.027027027027028,10.81081081081081,45.94594594594595
네패스,18.085106382978726,9.574468085106384,12.76595744680851,2.127659574468085,12.76595744680851,56.38297872340425,6.382978723404255
뉴로스,12.698412698412698,0.0,0.0,9.523809523809524,55.55555555555556,25.396825396825395,9.523809523809524
다믈멀티미디어,23.91304347826087,1.0869565217391304,9.782608695652174,4.3478260869565215,4.3478260869565215,43.47826086956522,36.95652173913043
대성미생물,26.923076923076923,0.0,1.9230769230769231,0.0,1.9230769230769231,78.84615384615384,17.307692307692307
대주산업,0.0,0.0,6.666666666666667,6.666666666666667,0.0,40.0,46.666666666666664
대창솔루션,0.0,0.0,0.0,19.047619047619047,23.809523809523807,19.047619047619047,38.095238095238095
데이타솔루션,14.705882352941178,23.52941176470588,0.0,38.23529411764706,17.647058823529413,14.705882352941178,5.88235294117647
동구바이오제약,4.545454545454546,4.545454545454546,18.181818181818183,27.27272727272727,50.0,0.0,0.0
동국제약,0.0,100.0,0.0,0.0,0.0,0.0,0.0
동방선기,0.0,0.0,33.33333333333333,0.0,0.0,66.66666666666666,0.0
동운아나텍,15.254237288135593,11.864406779661017,23.728813559322035,23.728813559322035,13.559322033898304,18.64406779661017,8.47457627118644
동원개발,0.0,48.0,52.0,0.0,0.0,0.0,0.0
동일금속,0.0,0.0,7.142857142857142,7.142857142857142,14.285714285714285,57.14285714285714,14.285714285714285
동일기연,0.0,0.0,26.31578947368421,15.789473684210526,0.0,10.526315789473683,47.368421052631575
동진쎄미켐,17.142857142857142,34.285714285714285,42.857142857142854,5.714285714285714,17.142857142857142,0.0,0.0
듀오백,4.0,0.0,12.0,8.0,20.0,36.0,24.0
디에스티로봇,17.24137931034483,8.620689655172415,17.24137931034483,10.344827586206897,6.896551724137931,24.137931034482758,32.758620689655174
디에이테크놀로지,13.461538461538462,1.9230769230769231,30.76923076923077,3.8461538461538463,7.6923076923076925,11.538461538461538,44.230769230769226
디지아이,0.0,0.0,10.0,0.0,30.0,40.0,20.0
디지털대성,11.11111111111111,0.0,48.888888888888886,8.88888888888889,0.0,13.333333333333334,28.888888888888886
디케이락,0.0,2.1739130434782608,4.3478260869565215,2.1739130434782608,10.869565217391305,30.434782608695656,50.0
딜리,9.090909090909092,0.0,9.090909090909092,90.9090909090909,0.0,0.0,0.0
레이언스,14.285714285714285,11.904761904761903,34.523809523809526,4.761904761904762,16.666666666666664,13.095238095238097,19.047619047619047
로보로보,11.904761904761903,9.523809523809524,0.0,40.476190476190474,9.523809523809524,19.047619047619047,21.428571428571427
로보스타,20.833333333333336,8.333333333333332,8.333333333333332,8.333333333333332,16.666666666666664,12.5,45.83333333333333
루멘스,3.4482758620689653,13.793103448275861,3.4482758620689653,17.24137931034483,41.37931034482759,13.793103448275861,10.344827586206897
링네트,0.0,14.285714285714285,7.142857142857142,0.0,21.428571428571427,46.42857142857143,10.714285714285714
마이크로프랜드,3.4482758620689653,10.344827586206897,3.4482758620689653,20.689655172413794,24.137931034482758,3.4482758620689653,37.93103448275862
매커스,13.333333333333334,3.3333333333333335,10.0,16.666666666666664,10.0,56.666666666666664,3.3333333333333335
맥스로텍,0.0,0.0,25.581395348837212,41.86046511627907,16.27906976744186,13.953488372093023,2.3255813953488373
메디아나,15.942028985507244,37.68115942028986,0.0,13.043478260869565,18.84057971014493,7.246376811594203,23.18840579710145
멕아이씨에스,5.263157894736842,10.526315789473683,5.263157894736842,10.526315789473683,26.31578947368421,10.526315789473683,36.84210526315789
모바일리더,7.6923076923076925,46.15384615384615,15.384615384615385,7.6923076923076925,0.0,15.384615384615385,15.384615384615385
미래생명자원,12.727272727272727,0.0,5.454545454545454,16.363636363636363,14.545454545454545,30.909090909090907,32.72727272727273
민앤지,5.128205128205128,0.0,33.33333333333333,25.64102564102564,7.6923076923076925,12.82051282051282,20.51282051282051
바디텍메드,25.757575757575758,21.21212121212121,30.303030303030305,9.090909090909092,24.242424242424242,10.606060606060606,4.545454545454546
바이오리더스,37.59398496240601,5.263157894736842,17.293233082706767,8.270676691729323,18.796992481203006,50.37593984962406,0.0
바이오톡스텍,22.033898305084744,9.322033898305085,4.23728813559322,0.0,52.54237288135594,6.779661016949152,27.11864406779661
비디아이,16.470588235294116,25.882352941176475,41.17647058823529,7.0588235294117645,1.1764705882352942,4.705882352941177,20.0
비엠티,2.564102564102564,0.0,16.666666666666664,12.82051282051282,11.538461538461538,24.358974358974358,34.61538461538461
비트컴퓨터,31.57894736842105,0.0,18.421052631578945,10.526315789473683,42.10526315789473,2.631578947368421,26.31578947368421
삼영이엔씨,6.666666666666667,6.666666666666667,21.11111111111111,16.666666666666664,23.333333333333332,14.444444444444443,17.77777777777778
서린바이오,11.11111111111111,3.7037037037037033,3.7037037037037033,37.03703703703704,7.4074074074074066,33.33333333333333,14.814814814814813
서울반도체,17.741935483870968,85.48387096774194,14.516129032258066,0.0,0.0,0.0,0.0
서울제약,5.0,33.33333333333333,35.0,0.0,3.3333333333333335,28.333333333333332,0.0
슈프리마,11.711711711711711,17.117117117117118,16.216216216216218,18.01801801801802,24.324324324324326,15.315315315315313,9.00900900900901
시스웍,15.873015873015872,5.555555555555555,29.365079365079367,34.12698412698413,17.46031746031746,10.317460317460316,3.1746031746031744
신스타임즈,45.45454545454545,9.090909090909092,0.0,0.0,9.090909090909092,81.81818181818183,0.0
신신제약,13.043478260869565,2.1739130434782608,17.391304347826086,4.3478260869565215,76.08695652173914,0.0,0.0
신화콘텍,2.941176470588235,14.705882352941178,20.588235294117645,23.52941176470588,17.647058823529413,20.588235294117645,2.941176470588235
썸에이지,7.894736842105263,1.3157894736842104,1.3157894736842104,6.578947368421052,60.526315789473685,30.263157894736842,0.0
쎄트렉아이,14.705882352941178,0.0,20.588235294117645,5.88235294117647,32.35294117647059,8.823529411764707,32.35294117647059
씨아이에스,17.647058823529413,0.0,0.0,2.941176470588235,11.76470588235294,67.64705882352942,17.647058823529413
씨앤지하이테크,22.36842105263158,0.0,0.0,9.210526315789473,63.1578947368421,26.31578947368421,1.3157894736842104
씨유메디칼,21.428571428571427,0.0,7.142857142857142,35.714285714285715,7.142857142857142,0.0,50.0
씨큐브,0.0,19.230769230769234,11.538461538461538,7.6923076923076925,15.384615384615385,19.230769230769234,26.923076923076923
아가방앤컴퍼니,16.455696202531644,22.78481012658228,16.455696202531644,10.126582278481013,15.18987341772152,34.177215189873415,1.2658227848101267
아미코젠,11.585365853658537,4.2682926829268295,20.121951219512198,25.0,14.02439024390244,9.146341463414634,27.439024390243905
아스타,5.0,5.0,40.0,55.00000000000001,0.0,0.0,0.0
아우딘퓨쳐스,28.125,0.0,29.6875,6.25,25.0,29.6875,9.375
아이센스,26.76056338028169,7.042253521126761,22.535211267605636,11.267605633802818,5.633802816901409,32.3943661971831,21.12676056338028
아이크래프트,5.405405405405405,2.7027027027027026,35.13513513513514,10.81081081081081,16.216216216216218,29.72972972972973,5.405405405405405
아이텍반도체,0.0,0.0,12.5,56.25,18.75,6.25,6.25
아즈텍WB,25.0,8.333333333333332,33.33333333333333,0.0,16.666666666666664,8.333333333333332,33.33333333333333
아진엑스텍,8.620689655172415,1.7241379310344827,6.896551724137931,27.586206896551722,8.620689655172415,20.689655172413794,34.48275862068966
알리코제약,12.5,37.5,12.5,12.5,37.5,0.0,0.0
알에프에이치아이씨,100.0,0.0,0.0,0.0,52.94117647058824,17.647058823529413,29.411764705882355
알티캐스트,4.0,16.0,20.0,4.0,44.0,8.0,8.0
앤디포스,0.0,0.0,30.76923076923077,0.0,0.0,61.53846153846154,7.6923076923076925
에스디생명공학,28.985507246376812,0.0,4.3478260869565215,33.33333333333333,47.82608695652174,14.492753623188406,0.0
에스에프에이,3.4482758620689653,44.827586206896555,31.03448275862069,10.344827586206897,13.793103448275861,0.0,0.0
에스엠코어,26.190476190476193,4.761904761904762,7.142857142857142,33.33333333333333,21.428571428571427,21.428571428571427,11.904761904761903
에스텍,7.368421052631578,11.578947368421053,13.684210526315791,17.894736842105264,50.526315789473685,6.315789473684211,0.0
에스텍파마,40.74074074074074,7.4074074074074066,3.7037037037037033,7.4074074074074066,55.55555555555556,18.51851851851852,7.4074074074074066
에쎈테크,0.0,0.0,23.076923076923077,15.384615384615385,15.384615384615385,15.384615384615385,30.76923076923077
에이스침대,11.578947368421053,17.894736842105264,23.157894736842106,4.2105263157894735,1.0526315789473684,36.84210526315789,16.842105263157894
에이텍티앤,50.0,0.0,5.0,2.5,10.0,60.0,22.5
엑시콘,2.4390243902439024,14.634146341463413,12.195121951219512,12.195121951219512,7.317073170731707,41.46341463414634,12.195121951219512
엔텔스,15.384615384615385,0.0,15.384615384615385,15.384615384615385,46.15384615384615,7.6923076923076925,15.384615384615385
엘오티베큠,0.0,6.796116504854369,24.271844660194176,19.41747572815534,11.650485436893204,26.21359223300971,11.650485436893204
엘티씨,0.0,2.857142857142857,14.285714285714285,20.0,28.57142857142857,25.71428571428571,8.571428571428571
엠에스오토텍,1.1764705882352942,21.176470588235293,3.5294117647058822,14.117647058823529,14.117647058823529,32.94117647058823,14.117647058823529
영풍정밀,0.0,0.0,17.647058823529413,0.0,23.52941176470588,0.0,58.82352941176471
영화테크,12.987012987012985,66.23376623376623,9.090909090909092,3.896103896103896,0.0,3.896103896103896,16.883116883116884
오이솔루션,10.714285714285714,0.0,25.0,17.857142857142858,25.0,17.857142857142858,14.285714285714285
옴니시스템,0.0,15.384615384615385,7.6923076923076925,7.6923076923076925,23.076923076923077,15.384615384615385,30.76923076923077
옵토팩,4.761904761904762,0.0,9.523809523809524,0.0,9.523809523809524,42.857142857142854,38.095238095238095
와토스코리아,0.0,0.0,54.54545454545454,18.181818181818183,0.0,22.727272727272727,4.545454545454546
월덱스,0.0,0.0,20.833333333333336,0.0,8.333333333333332,41.66666666666667,29.166666666666668
웹스,45.45454545454545,0.0,9.090909090909092,0.0,54.54545454545454,27.27272727272727,9.090909090909092
위지트,0.0,1.639344262295082,3.278688524590164,40.98360655737705,42.62295081967213,9.836065573770492,1.639344262295082
윈팩,0.0,35.714285714285715,7.142857142857142,21.428571428571427,14.285714285714285,14.285714285714285,7.142857142857142
유니온커뮤니티,25.49019607843137,1.9607843137254901,11.76470588235294,47.05882352941176,27.450980392156865,5.88235294117647,5.88235294117647
유라테크,0.0,0.0,0.0,8.0,4.0,44.0,44.0
이녹스,8.108108108108109,24.324324324324326,70.27027027027027,5.405405405405405,0.0,0.0,0.0
이미지스,36.36363636363637,36.36363636363637,0.0,0.0,9.090909090909092,45.45454545454545,9.090909090909092
이엔에프테크놀로지,4.761904761904762,9.523809523809524,9.523809523809524,4.761904761904762,33.33333333333333,28.57142857142857,14.285714285714285
이엠넷,11.76470588235294,0.0,17.647058823529413,0.0,5.88235294117647,47.05882352941176,29.411764705882355
인콘,16.216216216216218,20.27027027027027,32.432432432432435,9.45945945945946,6.756756756756757,24.324324324324326,6.756756756756757
장원테크,0.0,0.0,5.263157894736842,36.84210526315789,15.789473684210526,21.052631578947366,21.052631578947366
제룡전기,32.432432432432435,0.0,5.405405405405405,6.756756756756757,16.216216216216218,22.972972972972975,48.64864864864865
제이브이엠,23.404255319148938,23.404255319148938,29.78723404255319,2.127659574468085,10.638297872340425,27.659574468085108,6.382978723404255
제이씨케미칼,0.0,0.0,52.63157894736842,10.526315789473683,15.789473684210526,0.0,21.052631578947366
제이엠아이,0.0,21.428571428571427,28.57142857142857,21.428571428571427,0.0,28.57142857142857,0.0
지란지교시큐리티,30.681818181818183,4.545454545454546,4.545454545454546,19.318181818181817,18.181818181818183,27.27272727272727,26.136363636363637
지트리비앤티,10.0,6.666666666666667,15.0,31.666666666666664,30.0,10.0,6.666666666666667
진로발효,6.896551724137931,0.0,37.93103448275862,13.793103448275861,20.689655172413794,20.689655172413794,6.896551724137931
참좋은여행,22.22222222222222,12.962962962962962,20.37037037037037,12.962962962962962,12.962962962962962,40.74074074074074,0.0
카이노스메드,0.0,0.0,0.0,0.0,48.0,8.0,44.0
케이맥,22.22222222222222,0.0,38.88888888888889,27.77777777777778,16.666666666666664,16.666666666666664,0.0
케이씨티,0.0,0.0,8.333333333333332,8.333333333333332,25.0,33.33333333333333,25.0
케이아이엔엑스,0.0,0.0,16.0,20.0,20.0,28.000000000000004,16.0
케이엠,8.333333333333332,0.0,8.333333333333332,22.916666666666664,33.33333333333333,27.083333333333332,8.333333333333332
코디엠,7.425742574257425,6.9306930693069315,24.257425742574256,20.792079207920793,20.792079207920793,18.316831683168317,8.91089108910891
코엔텍,0.0,6.451612903225806,41.935483870967744,6.451612903225806,16.129032258064516,12.903225806451612,16.129032258064516
코위버,2.7777777777777777,0.0,2.7777777777777777,22.22222222222222,27.77777777777778,30.555555555555557,16.666666666666664
큐로컴,6.25,9.375,46.875,9.375,15.625,9.375,9.375
크린앤사이언스,21.153846153846153,0.0,3.8461538461538463,5.769230769230769,48.07692307692308,30.76923076923077,11.538461538461538
테고사이언스,10.975609756097562,1.2195121951219512,4.878048780487805,35.36585365853659,17.073170731707318,23.170731707317074,18.29268292682927
토필드,10.16949152542373,10.16949152542373,11.864406779661017,6.779661016949152,11.864406779661017,11.864406779661017,47.45762711864407
투비소프트,31.007751937984494,12.4031007751938,12.4031007751938,36.434108527131784,17.829457364341085,14.728682170542637,6.2015503875969
티에스이,0.0,3.3333333333333335,40.0,6.666666666666667,6.666666666666667,30.0,13.333333333333334
파루,40.0,0.0,22.5,40.0,7.5,22.5,7.5
파세코,19.047619047619047,38.095238095238095,9.523809523809524,19.047619047619047,0.0,33.33333333333333,0.0
펩트론,10.0,6.666666666666667,8.333333333333332,16.666666666666664,48.333333333333336,13.333333333333334,6.666666666666667
포스코엠텍,0.0,14.85148514851485,3.9603960396039604,16.831683168316832,23.762376237623762,33.663366336633665,6.9306930693069315
포인트엔지니어링,0.0,0.0,10.0,0.0,80.0,0.0,10.0
프럼파스트,0.0,0.0,2.1739130434782608,19.565217391304348,17.391304347826086,28.26086956521739,32.608695652173914
프리엠스,0.0,0.0,2.272727272727273,2.272727272727273,29.545454545454547,54.54545454545454,11.363636363636363
피씨엘,23.076923076923077,2.197802197802198,18.681318681318682,36.26373626373626,4.395604395604396,21.978021978021978,16.483516483516482
한국가구,0.0,16.666666666666664,0.0,0.0,23.333333333333332,30.0,30.0
한국정보인증,44.827586206896555,6.896551724137931,3.4482758620689653,10.344827586206897,51.724137931034484,24.137931034482758,3.4482758620689653
한국테크놀로지,0.0,3.0927835051546393,14.432989690721648,40.20618556701031,15.463917525773196,26.804123711340207,0.0
한솔씨앤피,21.052631578947366,0.0,0.0,10.526315789473683,36.84210526315789,26.31578947368421,26.31578947368421
한양디지텍,12.5,31.25,12.5,0.0,0.0,43.75,12.5
휴맥스홀딩스,0.0,0.0,0.0,0.0,38.46153846153847,61.53846153846154,0.0
휴메딕스,32.35294117647059,2.941176470588235,19.11764705882353,77.94117647058823,0.0,0.0,0.0
휴비츠,2.0408163265306123,4.081632653061225,40.816326530612244,24.489795918367346,22.448979591836736,6.122448979591836,2.0408163265306123
힘스,6.451612903225806,3.225806451612903,25.806451612903224,35.483870967741936,19.35483870967742,16.129032258064516,0.0
